image_width: 1280
image_height: 960
camera_matrix:
  rows: 3
  cols: 3
  data: [615.414202, 0.000000, 648.714123, 0.000000, 617.039665, 444.631539, 0.000000, 0.000000, 1.000000]
distortion_model: plumb_bob
distortion_coefficients:
  rows: 1
  cols: 5
  data: [-0.250327, 0.040537, 0.002407, -0.002787, 0.000000]
rectification_matrix:
  rows: 3
  cols: 3
  data: [1.000000, 0.000000, 0.000000, 0.000000, 1.000000, 0.000000, 0.000000, 0.000000, 1.000000]
projection_matrix:
  rows: 3
  cols: 4
  data: [420.515930, 0.000000, 643.174507, 0.000000, 0.000000, 491.742645, 428.035519, 0.000000, 0.000000, 0.000000, 1.000000, 0.000000]
